7:302,58,29,616,1762,518,8,138,301,866
18:17608,32205,47812,54038,24164,4800,5881,26299,1486,22264
36:2162,17,84,654,29,616,70,354,518,891
37:65,10520,9617,6009,16288,296,1239,57491,73168,17
41:356,14202,18867,3890,4499,17,902,542,354,616
42:3642,518,84,1009,7451,2193,3824,131,62137,10015
43:14906,2983,1678,29732,17,6977,226,16726,8839,698
44:15,5413,97,1217,26042,2338,2316,5710,302,616
46:109,19431,18256,38663,45422,46215,7506,302,58,8
59:16134,119,1039,29709,37900,654,12605,1102,616,354
60:302,6848,6011,58,726,84,616,162,29,1102
69:813,559,5465,16319,14551,1217,9931,8276,31063,58
70:76,302,354,59931,68787,654,84,62686,650,38142
94:119,322,559,12066,6175,6270,8276,9617,85755,20553
106:14202,67595,84,29,518,101,15,6,8,162
115:1360,966,2816,2982,709,58,518,8,29,354
116:29001,834,226,719,1326,19277,70,2318,986,56519
142:454,296,8487,709,18867,1965,19984,5176,58,84
148:5103,6024,378,1405,46215,18867,5545,986,70,500
150:17,650,861,302,289,322,654,8,564,1102
156:568,7029,302,84,52773,8,58,616,354,1102
161:1403,1039,12259,13062,179,1926,9581,84,616,29
171:28641,302,84,726,6,354,289,1476,518,138
172:1937,1217,654,58,861,84,542,162,518,8
177:654,29,58,616,17,84,542,6,518,15
196:650,427,17164,4578,3476,29,354,616,289,1762
202:220,302,58,1102,138,518,354,15,8,6
211:118581,122005,23308,53187,4937,115885,16661,17,12160,37690
217:55991,17,30531,23010,18700,2548,518,9885,67766,6393
223:119,559,167,58,654,616,302,518,84,8
225:353,3476,32619,1187,302,654,84,58,616,518
228:650,361,17,10039,568,224,61858,302,60248,117727
229:1410,2068,58,84,518,15,6,322,1102,162
231:2904,302,654,76,58,84,616,301,354,8
238:26712,42397,441,10536,2672,4513,9055,3618,1744,13814
241:7973,58,616,29,84,518,542,650,6,285
249:8483,91955,17,84,301,518,70,15,8871,654
250:285,3250,2031,616,58,654,302,84,138,518
253:189,4568,6434,1527,8848,3172,1206,3140,20806,21771
257:354,65,709,296,84,17,861,289,15,6
273:967,17,302,654,354,101,138,736,301,650
288:5998,116,1548,699,616,58,84,29,17,15
290:18867,13501,138,226,17,354,117,64527,564,654
292:10930,654,58,616,138,301,3234,70,542,285
294:1102,17,8,354,289,302,6,301,15466,76
331:22348,58471,7271,302,17,654,6,15,616,11208
361:29,354,58,616,301,8,138,1762,518,736
376:8683,17,395,58,302,1567,616,84,2868,6
384:4940,1684,1979,542,17,616,8,650,15,32
401:1009,19431,14202,1102,58,616,354,29,301,899
402:16056,3304,4793,302,654,84,289,8,162,15
410:4755,984,1013,3172,10041,463,2880,760,8860,1147
448:17532,53377,598,616,302,58,245,542,8,518
449:65,11484,54210,1039,5214,70,616,17,2139,81
450:65,559,116,193,5567,25061,53377,8105,8276,9525
452:749,13523,85485,60968,81165,44877,27205,79249,93072,29121
476:398,8213,71577,20068,78603,12716,112314,17,1840,4807
488:1196,376,1548,4478,43182,3304,616,58,1102,518
490:17,15,289,354,302,1762,363,138,301,650
494:356,1212,10066,9942,11,14202,6923,616,654,58
514:18287,8276,5214,2103,76,2833,17,416,719,574
525:116,1187,875,70,84,302,354,654,52303,564
535:1102,29,17,354,6,518,289,591,138,3234
536:97,813,8276,302,654,58,616,84,8,518
538:5258,10269,1102,302,654,616,354,58,42657,301
539:7409,1039,14202,58,654,29,17,138,518,84
564:97,65,86763,1891,709,84,289,6,518,1102
582:1550,616,29,84,518,322,6,354,76,162
585:185,17,115815,47702,654,138,35767,302,94,6491
590:2073,11108,654,1762,29,354,22912,8,518,301
618:226,17,64390,564,780,542,76,1462,262,354
627:19731,42376,114599,11539,32661,48524,19207,4671,83175,100692
632:5246,12090,17109,47956,81,34516,102557,17,105237,3015
633:1039,58,302,654,8,564,518,1196,61,902
646:20382,83724,1995,101945,1913,29730,546,74629,33748,20467
666:4510,10192,18920,10981,95977,62184,32288,911,68303,40086
667:1405,37653,27886,5156,17,1086,353,564,2200,542
678:1535,720,901,65,22518,30911,21462,76,58,84
680:65,559,654,616,58,29,17,650,138,518
681:8786,6411,46215,441,719,245,764,16036,1744,5480
682:9491,2460,18867,40716,709,336,44,19236,2614,26376
684:69720,29161,11470,984,5480,2318,8860,22890,719,10493
715:59850,21926,25188,36991,1753,4671,61368,6394,82049,1547
716:56166,70959,17,8897,616,302,58,15366,43710,654
741:1803,301,168,574,13460,8860,984,4792,2318,10292
750:2200,1382,2369,65199,19963,34508,14129,2059,84361,1217
754:356,4034,8546,18867,2085,709,101326,17,84,6
756:285,8105,1217,84,616,354,837,8,1476,1102
757:84976,17,47161,84478,88114,1196,302,616,654,111559
758:19354,15,1109,356,407,10046,4374,15676,1240,79423
763:354,40704,29,84,17,650,8,138,289,736
774:1245,65,116,521,4669,1196,518,17,6,32
775:8683,13070,559,58,1102,518,354,15,6,301
782:7145,1825,71891,1039,103144,29709,9617,61300,26744,654
784:5159,14202,518,542,84,17,289,6,1196,354
793:10075,116,3448,3250,398,40393,13636,4756,3628,709
803:1119,6450,17,3389,947,138,15942,84,245,302
813:35068,8276,616,17,289,518,84,650,6,542
815:749,37240,58,654,302,76,542,138,61,8
817:749,1102,29,58,866,138,301,8,361,616
818:12657,984,5480,8860,7711,15624,2642,463,135,1326
823:1744,71891,21145,28,14498,94,245,82284,6603,63363
825:77914,3632,654,518,58,616,29,70,1102,1119
833:1410,559,220,2369,17164,2982,3632,1548,6759,302
835:8276,58,616,654,518,302,84,101,356,542
844:58,29,354,301,736,8,76,1762,518,6
856:364,303,73474,1101,13498,598,19984,5567,1958,18505
857:709,3476,302,84,289,354,6,495,8,162
874:81912,19669,296,9617,1696,932,21145,58,518,302
899:5567,709,1815,10930,17,1410,363,301,15,364
911:54338,87631,76,43400,37143,4586,564,2139,16701,7981
918:2917,17,58,84,616,361,327,736,70,518
925:20277,93298,17,654,302,1806,84,11116,616,58
926:19963,116,7973,302,58,84,354,1550,6,518
937:23122,3485,3915,61146,776,302,518,654,616,1119
964:2403,3207,57500,947,970,17,353,89957,81014,4268
977:11154,709,6957,1217,17,518,29,650,15,354
981:4513,1757,1002,3506,3618,23908,14955,2715,112002,10426
982:2162,1119,17,69057,875,302,84,94,15942,2935
984:15,1109,4268,395,709,21899,1217,1572,654,58
992:2068,245,508,226,70,780,41386,3137,17,1884
993:18057,654,29,361,84,354,58,1102,138,76
998:6573,84,17,650,354,564,15,138,542,6
1000:65,3233,709,14202,58,1102,29,518,17,84
1007:356,116,709,654,29,17,84,554,6,564
1027:2103,1400,9417,168,10267,661,1013,9874,5953,3709
1028:1762,17,518,354,58,2570,616,302,6,301
1044:1874,4288,17,84,49796,302,654,34237,303,616
1045:356,65,559,58,84,17,518,6,542,354
1068:73569,13853,8928,15503,17,20001,48759,91638,6315,1256
1069:1187,875,28684,1217,749,14202,654,84,138,301
1070:1405,18315,93265,5553,56,32743,58,616,84,518
1082:15141,84,518,101,650,1102,301,6,162,239
1088:3642,119,6809,23266,2982,10046,12442,18604,8,3233
1094:1039,16319,58,616,29,301,6,736,70,322
1116:65,76,302,654,122697,866,361,58,616,224
1125:84,278,3191,1039,2982,829,58,654,616,302
1127:20505,65,427,1703,35269,107983,17,15,53941,61
1132:22315,5490,58,13732,591,17,650,508,30528,302
1133:497,3476,14202,1102,354,518,8,15,301,76
1140:58,302,616,84,15,518,542,564,322,62
1148:99417,99113,44600,17,12670,641,89979,121644,111070,4976
1153:26460,6968,1102,654,58,17,29,616,518,354
1166:353,999,103,61,32,17,4268,5117,131,1410
1172:24429,7984,889,56962,518,15,327,17,1109,103
1192:58,18209,1102,616,138,17,542,518,6,302
1208:17,302,654,107655,58,616,107456,2618,79948,395
1209:1218,28541,168,2140,719,2318,8860,76,1326,463
1234:38251,2103,168,719,574,8860,984,5235,661,5480
1236:65,82240,83053,54784,46806,83998,17,61635,24625,78751
1245:65,1187,10946,2162,302,84,654,354,301,8
1263:8683,1384,58,302,84,17,518,650,322,861
1267:46721,22723,1960,73,6837,29552,1567,6485,19300,490
1269:4021,3107,16519,7859,2880,11725,4755,6434,8848,14401
1288:67016,1017,87616,117489,73561,93519,52601,9362,94291,8877
1295:15,1719,22606,8730,6759,1155,616,518,6,101
1302:709,17,1196,289,616,285,654,542,322,650
1305:28,84,58,17,302,591,8,354,22315,6
1382:11243,108618,17,5112,84,3668,245,2200,327,302
1402:302,58,616,84,354,48,6,138,1102,518
1409:179,387,908,354,616,8,138,1762,70,101
1413:116,3250,6,1476,289,15,322,162,285,542
1418:1405,1684,654,138,289,15,322,736,76,363
1419:7880,8225,4825,4755,3172,23191,11725,6434,1712,8848
1420:179,302,654,1187,354,1762,58,61157,8,736
1427:1344,3476,4203,4187,3159,10856,14202,18867,427,84
1430:58,1196,3057,766,6346,4522,2657,24893,17443,49420
1431:285,58,654,84,616,726,6,8,1476,322
1435:1930,967,616,302,58,84,61,6,354,364
1447:18867,3233,102652,17,4967,787,15,101442,131,364
1457:322,4013,15836,17,50248,302,616,56423,654,28104
1458:15,10520,11522,14330,17,616,58,999,402,486
1469:32741,12259,302,58,616,84,354,6,518,301
1477:6527,22136,17,12056,84,245,736,518,82704,899
1486:43358,984,8783,57525,168,8860,5357,45287,119735,76
1490:65,10973,17,866,67794,546,6287,302,76,14087
1491:53322,302,654,58,616,84,16127,650,354,6
1500:1196,2101,5103,58,2714,302,84,518,15,861
1503:454,654,58,354,1762,8,616,495,726,736
1518:65,59816,17,100326,4755,39096,2880,28620,7315,3107
1535:236,356,568,5575,116,1614,27465,1089,6673,4642
1551:8276,616,354,8,518,650,3234,162,15,736
1553:8683,518,1953,117146,17,616,58,654,61,22348
1559:5991,302,654,616,289,1102,354,6,322,76
1560:27251,10323,3297,17164,85755,58,518,103,15,1511
1561:902,1023,813,97,2816,210,2588,3213,4174,6809
1562:6809,709,5465,654,29,1102,616,162,138,289
1569:986,84606,61052,14502,3756,91130,20914,46621,81,65657
1570:18835,7905,17,80437,10900,8806,115956,4800,22885,117348
1589:42489,86063,1217,654,58,84,354,518,138,15
1601:749,3841,17,9019,15723,74087,12057,74431,5148,76
1602:185,16056,68957,49792,518,23156,15,17,131,75355
1629:119,559,1410,1039,518,15,17,103,61,1511
1642:302,654,58,1102,8,518,354,138,6,301
1653:23813,17,58,616,542,101,654,596,6,736
1654:9789,8105,25164,302,84,8,322,518,101,542
1655:16514,1009,654,8,29,138,289,354,15,542
1668:143,6855,15522,43182,616,29,84,15,289,162
1681:518,3915,17,29,84,58,866,138,616,6
1703:650,116,7312,20192,709,1119,302,84,654,518
1727:5315,68712,58230,17,654,58,26983,616,44516,21877
1728:302,58,84,354,239,866,1102,616,301,6
1746:101,17,84333,616,302,654,120471,23397,1140,542
1751:54638,51158,19552,427,14202,8,84,206,32771,518
1756:8,1102,7535,654,2537,944,12601,803,542,3347
1758:1220,542,17,616,302,394,1196,1550,650,402
1761:25716,19433,30210,23824,42190,49421,94836,66480,113945,105997
1767:1187,84,354,58,866,70,138,875,1102,736
1783:7407,58,17,8,84,302,518,861,162,650
1787:19442,1217,616,518,29,354,289,15,6,301
1788:14906,140,2967,2241,1884,2379,780,18777,1888,500
1794:427,1930,1832,15,17,245,402,32,1196,654
1796:10012,2770,2166,654,84,29,8,650,15,138
1803:709,17,654,616,58,518,302,301,6,70
1820:65,23191,1352,2880,10041,189,6434,5450,5624,1712
1821:2302,2770,14202,5117,22633,66416,17,61,24568,4899
1822:2976,3476,6957,10560,58,616,17,518,8,32
1823:39119,1220,84,17,6,289,354,650,726,15
1840:1009,60,616,354,301,3234,322,650,162,542
1841:9491,2103,984,8860,2318,463,801,1400,2642,3709
1842:58,554,17,616,84,302,73,518,8,6
1850:28,1941,44448,54202,17,302,654,8,84,285
1853:7037,25442,63472,17,866,15350,76,72504,22623,9606
1854:303,2848,1744,1039,1387,46215,84,8,654,289
1862:65,119,5319,57158,3915,302,1102,239,616,80573
1880:875,1119,17,354,947,15942,736,138,84,2935
1883:302,3915,1204,31686,4502,13063,654,58,518,8
1890:990,14750,302,654,3448,7795,4203,58,776,8
1893:6011,185,58,654,616,302,15,84,76,61
1894:18287,654,58,616,138,29,564,8,301,70
1912:138,13273,17,224,803,226,1462,354,302,518
1913:66665,17,151,2624,27479,302,6506,58,654,616
1930:48930,18269,197,5627,13049,7160,2548,8069,105511,33763
1932:33562,30513,95798,5097,9354,3568,106225,3041,17816,11220
1950:3465,14202,1548,4254,301,15,542,162,363,1196
1952:17,162,84,3234,616,6,289,285,76,322
2005:356,8868,65726,119,1217,1102,302,518,542,15
2030:568,3374,3423,17,13544,262,5767,109766,226,542
2046:91537,27296,10492,13889,57773,11199,85333,18891,93654,34052
2068:1405,559,3476,5567,1800,3728,9617,1451,17,245
2070:84,2537,510,12601,803,654,1403,542,493,15
2071:650,12042,559,2906,14202,17123,2085,302,58,518
2072:4364,1102,18109,302,2162,654,1119,354,518,736
2074:924,4660,5975,56998,533,4671,88579,10180,11468,603
2075:28,548,3476,302,654,84,8,15,6,542
2077:8483,656,10930,654,17,1102,29,518,138,58
2080:356,16104,58,654,29,17,861,84,542,6
2085:89092,11720,1382,3551,3476,829,12133,16625,3570,24958
2097:65,124,559,18867,709,967,616,654,302,58
2112:5480,866,17,7180,1400,110844,20013,39325,661,984
2115:65,119,3233,17,542,999,245,103,902,356
2116:1187,17,1119,224,2162,62,542,113914,33879,236
2123:65,899,48,654,17,1102,29,518,138,58
2135:1966,1359,17,780,226,245,564,616,500,327
2147:24718,16911,7682,40393,13636,10007,3791,14750,398,3233
2154:2677,12657,5010,32577,5480,719,8860,463,2103,7180
2160:4174,15,322,30094,188,554,17,1804,84,518
2162:661,2012,7118,58298,719,463,10267,2103,5480,109940
2170:709,58,542,510,15,564,61,6,518,84
2184:13683,11522,58,616,84,78689,6,354,14965,322
2185:17,70543,41046,81442,302,616,654,8,100751,542
2211:62500,13049,14793,44173,197,226,5111,27070,8069,17
2243:119,559,245,5122,17,15,32,508,327,131
2244:1405,9943,124,699,1548,3915,616,58,84,518
2247:6,554,116,3250,3249,302,84,654,11447,650
2253:5103,986,226,1884,2967,3137,2204,5767,3819,13544
2261:1631,9525,8276,654,58,302,1102,616,354,15
2290:15,285,94,65,8276,2085,19197,1382,1102,29
2291:13636,29,17,616,84,101,6,162,518,301
2293:236,84198,4907,939,84,17,54978,107736,5010,20353
2304:719,984,463,5480,2259,10267,7180,4672,661,1326
2318:3234,353,116,1217,8276,3476,22606,19963,23243,12612
2335:356,1119,15510,616,17,84,289,138,8,518
2348:1888,54357,179,1874,5542,829,302,17,70,226
2363:8276,616,17,302,151,84,289,650,6,354
2369:6098,5638,14964,11644,37386,8209,5598,17,2934,9388
2381:1109,17431,17,302,654,58,616,162,394,495
2382:12776,26335,17,564,51347,119,327,7333,8,245
2384:1119,17,4420,947,2935,9501,22538,6945,94,84
2393:559,1023,9617,1190,17,508,787,327,301,363
2394:5465,18867,654,84,302,138,616,58,542,70
2395:616,17,84,3234,289,41011,837,650,15,518
2399:1023,226,47516,17,13088,25479,76,698,1790,564
2405:356,1196,15,1410,559,2917,6024,967,58,542
2407:18287,1649,866,17,1730,72003,10039,13083,45815,3568
2408:58419,302,866,654,58,1102,84,224,361,301
2447:29,726,84,354,289,3,76,1102,301,6
2454:1352,2880,3107,8225,189,6434,1527,1712,8848,1206
2461:1382,1410,64312,1548,18505,13150,10066,9525,8868,6091
2464:12883,967,654,354,58,301,8,1762,48,736
2465:119,559,58,84,354,1102,866,301,138,616
2469:559,302,58,616,61,84,354,518,542,245
2500:2480,65,709,11626,654,361,29,84,354,7334
2505:8105,58,654,29,616,17,84,29975,6,518
2515:116,37186,94761,17,29220,49550,12361,59271,45708,650
2518:3928,5097,3568,18614,4880,116853,40,50964,890,76
2520:1039,22121,8546,5312,84,15,542,32,564,902
2521:3753,398,454,654,302,52270,84,8,616,58
2536:559,967,8683,542,15,518,17,84,554,302
2541:58,654,302,84,518,8,354,15,301,76
2547:27535,17,1245,302,654,62,67346,354,749,650
2553:81086,44578,37961,81619,113723,31397,15436,35177,111833,19603
2558:4792,13194,12254,74498,11626,9247,6849,1296,1758,18867
2560:645,58,616,84,29,354,15,301,76,1102
2563:19984,15453,8276,58,654,84,861,564,15,302
2573:749,8868,7178,14129,616,58,84,29,354,6
2591:17,654,58,616,302,542,564,5575,162,861
2596:366,44632,31938,6511,84,302,8964,17,21929,654
2601:17,17416,37249,302,7334,84,36266,1077,58,37012
2604:367,8167,26342,12332,3477,23528,582,10048,75530,71599
2611:9617,1119,302,84,654,8,354,245,787,518
2612:58,542,861,15,17,486,902,518,654,554
2615:29,84,518,8,650,354,289,6,542,61
2626:116,2897,699,302,84,162,616,354,518,289
2634:71850,18477,8213,10046,422,9278,20517,83929,77334,25082
2636:654,29,58,84,354,1102,138,616,650,8
2661:2470,8020,7999,93018,51714,47128,26720,79825,6924,13485
2666:3250,17,239,1550,654,58,302,616,726,394
2676:3244,4174,162,24698,3563,1567,10279,5420,1168,1102
2689:74776,162,17,15,1196,58,363,285,14700,245
2693:790,118736,3419,11796,1249,16619,21813,13476,24141,106857
2708:116,22606,616,58,84,17,15,8,70,363
2709:65,1389,238,15676,119,96976,131,17,61,2955
2713:13615,699,1951,17,8,185,787,245,364,542
2715:2259,984,1400,661,14226,2153,72,2833,5557,10267
2727:7909,20913,29,58,84,354,616,301,1102,6
2730:10520,5871,616,654,29,15,542,17,8,518
2731:12710,18127,29,84,616,354,866,650,1102,301
2735:3172,3328,8848,12990,1527,1712,4825,7880,20806,16174
2745:17,8427,354,90779,7910,254,302,654,77850,61
2748:113729,42057,5287,32514,19106,117915,43178,19923,327,77961
2760:29,84,301,138,1102,289,861,76,650,8
2812:22606,654,302,8,354,289,301,6,48,650
2827:62155,14202,94,699,366,273,5017,8118,1764,15540
2831:654,84,29,58,138,354,591,76,301,8
2846:190,16056,7655,387,654,302,616,944,101,84
2848:521,1217,654,616,289,29,17,15,84,518
2854:104226,35144,1119,84,302,654,354,70,736,6945
2857:57431,1133,67034,4797,53159,109082,17,353,41612,37464
2858:354,29,84,17,162,6,289,15,1102,3234
2861:46215,76253,34070,19736,51316,68210,8041,84603,67619,533
2871:189,56599,1527,16005,4755,2880,4286,378,2715,57940
2907:654,116,1109,302,84,58,1476,866,354,3234
2912:7793,3789,2015,226,1435,76,8011,5771,17,70
2914:58,1102,17,518,510,8,591,650,654,542
2925:15337,12165,54442,33009,5398,69237,7851,79576,55481,75651
2960:65,8151,17,8579,21104,1187,891,899,95074,32
2963:1089,17,616,1511,58,1023,361,409,654,363
2967:46215,1287,2268,245,616,8,58,564,4991,654
2970:68239,17,616,19841,302,151,96965,15540,1946,5575
2981:1217,1455,29,84,289,650,518,301,1102,8
2989:709,1196,48,1187,17,3294,41006,873,2162,91285
2990:29000,22420,13581,57558,15366,110208,48622,32501,21493,74172
3004:3211,8860,984,463,3601,4792,1400,39242,168,5023
3013:4755,3107,8427,2880,8772,17,1352,10041,5975,2510
3044:302,654,58,616,24289,650,76,8,289,301
3081:26821,17,43981,40757,13429,9459,32581,92626,9655,654
3100:302,616,101,1102,354,76,8,84,6,650
3105:58,17,591,418,302,654,36226,650,8,84
3107:521,6849,18867,28943,31762,70,2967,140,1023,5767
3110:378,16763,35716,16359,4021,86645,49966,17,13941,56411
3111:58,302,616,654,53315,50239,650,542,9180,101
3121:1535,116,709,8,361,6,70,1762,101,322
3125:749,17,151,5581,654,182,356,302,354,84
3129:559,8276,616,302,84,542,518,289,6,8
3144:709,5480,8324,14930,68700,719,22036,22215,7180,463
3152:11,10217,236,4802,17,66844,616,302,8,10308
3167:43490,122808,76,361,500,100820,17,262,238,564
3169:36134,559,47872,6292,55604,616,542,654,518,8
3176:5367,14498,5344,58,84,650,354,616,495,76
3183:18867,709,10692,27427,29,654,17,8129,6522,10302
3184:8935,79612,14452,10175,5145,53060,96902,817,111704,77370
3193:71980,24472,3476,58,8,518,6,354,726,285
3220:2059,84,866,1102,138,616,361,650,289,736
3229:53452,9396,17,84597,37656,67501,302,102919,58,654
3234:20591,1102,302,518,62411,654,354,45600,1762,58
3246:43888,603,19995,51099,15347,5319,25228,533,911,8772
3258:58,654,8,84,17,29,542,15,1140,6
3263:18867,17,3223,554,58,302,27460,39980,564,542
3279:361,17,119447,84,224,58,84873,34554,68164,564
3306:12690,23395,57791,21500,2354,38820,11653,10692,6901,48431
3308:65,2200,17,6793,32,616,402,302,94039,654
3309:1806,5069,302,616,84,518,289,1196,542,726
3328:116,29,58,84,138,616,354,1102,301,736
3335:22008,59585,3476,34983,654,58,84,837,616,6
3346:2375,118305,36804,3072,17,103,17440,245,21043,1511
3352:65,17,118575,77882,5160,302,654,616,58,119303
3353:16624,108422,33952,67872,16385,117721,12455,17,361,1099
3360:1039,12859,2097,302,84,654,354,899,866,616
3376:239,226,116241,3423,780,354,103953,5455,3374,17
3386:776,5747,10675,4212,28120,12253,14750,48901,4203,48538
3411:431,9536,17,64499,120560,654,302,111796,6,119683
3413:806,119,61736,17,1205,3233,1744,15,4268,774
3419:356,750,654,616,29,17,650,554,84,15
3421:1806,1348,3213,8803,7407,18391,84,17,861,8
3426:54635,616,17,58,654,322,861,1804,902,363
3428:285,1196,65,4414,699,58,8,84,41391,302
3429:302,654,1102,354,301,76,650,84,8,289
3450:9662,21028,110458,698,2265,87135,17,76,1913,9643
3453:101987,34138,168,2103,661,463,10267,5480,760,719
3478:84,650,289,518,6,15,301,8,322,70
3479:72699,105999,470,1039,726,9437,44407,5706,22719,78698
3480:923,19405,17,302,8016,39265,654,650,29,616
3490:19963,1217,17,84,6,289,354,542,495,162
3500:356,65,16385,8868,20765,16811,6793,654,58,616
3514:3915,302,616,84,8,354,1550,726,650,301
3557:984,135,8860,1400,5480,168,8733,661,2642,2103
3579:17,29,239,354,58,1762,726,8,6,138
3593:97,224,116,29,654,17,616,84,58,703
3599:81,5663,12578,17,40,106171,2139,68883,698,76
3609:116,361,17,354,84,302,1462,654,301,518
3610:138,17,1102,45892,354,736,1023,518,76,12776
3656:65,7578,13599,891,2816,17414,967,29,654,616
3657:1102,427,54999,58,17,354,84,616,138,6
3663:356,65,18867,5567,749,573,5214,699,22606,9931
3674:4414,2317,1558,58,302,861,542,84,518,15
3685:6559,10039,49393,81,26233,70,2139,3568,500,76
3686:2675,15499,107761,88124,51933,88520,14635,9402,106624,41970
3692:13526,79673,17,289,654,302,1102,616,285,322
3694:19994,17,302,616,654,8197,409,650,1287,902
3701:1039,5848,302,654,58,1762,8,354,518,616
3717:46215,14202,654,84,58,17,29,1023,15,564
3721:14202,10856,654,616,58,84,837,1102,650,162
3728:74038,29384,19829,72363,23970,16995,885,22555,34277,65088
3735:1405,18867,1217,262,29,162,8,6,289,301
3736:11626,8276,967,107237,302,654,84,48,58,616
3751:654,29,84,616,58,17,8,76,650,736
3800:1102,654,542,61,7535,1039,322,803,1405,1403
3811:75251,117938,4040,20068,8772,54909,13341,100022,3034,1337
3820:58,17,354,3234,616,1762,518,495,301,8
3846:4174,1102,162,1168,322,19993,3563,673,5420,1567
3849:518,179,58,866,2570,138,8,736,616,70
3850:749,654,354,58,1762,29,518,866,616,138
3857:2030,1102,302,654,239,58,354,395,616,8
3859:49217,39465,296,5361,23813,9142,58,616,17,84
3862:65,1109,17,944,787,302,22417,17948,21860,616
3888:709,7489,3137,1340,17,5122,13,15535,81,780
3911:5896,18159,30153,29333,616,17,302,33179,19884,46060
3921:63922,81,986,8538,1749,7211,780,1884,2967,2204
3929:6249,698,302,736,58,361,616,40,650,654
3930:296,2597,17,654,29,14793,616,112598,245,15
3947:84,302,654,53715,354,58,518,736,650,616
3950:302,654,84,289,8,301,861,285,564,162
3962:9931,72439,17,102833,302,654,616,15,564,58
3974:38716,2303,81362,8258,7008,103304,48028,60521,65569,104704
3975:650,4173,1243,1217,58,17,6,84,518,654
3988:11243,81,986,827,1888,20899,780,18034,500,2967
4009:46276,1119,12512,2239,90093,88499,17,4269,84942,91219
4028:17784,9212,81,8511,76420,3423,13471,11268,1888,48523
4031:17,73508,4505,60402,656,37684,8930,616,302,76
4053:17876,10323,295,19963,44073,100583,17,736,616,5882
4064:14003,302,654,84,2293,8,861,6,289,76
4067:654,58,17,542,861,650,8,76,15,84
4069:709,3632,1102,354,518,162,650,138,289,736
4084:654,3250,29,17,84,861,518,1476,289,162
4091:750,17,15,1102,518,542,6,354,654,322
4124:10832,54300,5557,11255,7994,3601,11859,4,168,984
4132:5465,14202,542,15,61,17,245,787,402,616
4138:124,17220,2162,1119,17,70,875,62104,891,138
4158:3177,5214,760,168,877,8860,5480,7180,984,719
4164:32162,2162,1403,1631,1119,17,57499,36087,875,302
4177:17612,5484,11,1979,6579,1362,675,17,21619,518
4179:568,7700,2816,302,58,17,84,354,616,726
4184:199,19963,84,616,354,650,301,1102,289,322
4190:3728,7409,591,68643,82780,70490,17,71806,95786,20194
4210:19984,17,58,66,101,16491,654,322,302,902
4213:29552,8868,990,22606,43182,699,302,1102,654,289
4237:699,302,654,24057,518,354,1762,55289,58,616
4242:559,302,17,542,518,84,1190,650,15,654
4249:168,564,89310,79545,19999,984,297,226,719,60709
4269:1196,18867,29,84,354,616,17,58,650,518
4273:654,302,866,361,84,70,301,1462,76,58
4275:29,17,654,84,58,616,76,8,354,224
4277:8276,4756,654,58,29,17,162,8,518,354
4281:285,322,10930,901,58,17,84,6,861,162
4301:116,1451,17,84,354,518,15,654,289,301
4303:1684,616,518,58,650,17,84,1578,15,1550
4304:65,302,84,301,239,8,138,518,1102,15
4344:5465,3632,58,17,654,302,84,15,542,6
4357:17,564,59610,9309,650,84037,12090,616,8,327
4365:14593,168,2259,2103,984,9375,42205,8860,1740,574
4371:10066,60334,6507,86979,67872,93409,17,12455,43103,8959
4372:65,42352,967,81,70,76,889,354,616,5767
4399:18239,6091,5604,3354,2292,616,58,84,17,138
4400:554,656,853,40390,22980,15,13294,17,616,3249
4407:58,29,616,84,354,8,650,6,76,518
4426:4455,12906,29047,40992,8764,35703,50294,106663,85105,95591
4436:2583,238,1065,3294,17,1951,245,28248,41006,1023
4457:34988,86607,38943,17,58458,245,542,15,103,74358
4466:21815,119,84,17,1102,301,138,289,6,13217
4469:650,1869,1719,43182,559,454,654,29,542,554
4482:356,2068,58,162,861,6,564,138,17,32
4507:17250,322,5998,84,302,654,110340,58,518,1102
4514:245,6901,28541,866,24467,96993,17,9095,76,88492
4517:1102,302,354,58,616,518,866,650,361,138
4522:26509,6223,54390,214,16866,40840,15163,3522,24702,22238
4530:6,709,11142,121944,16180,46379,101048,58,17,650
4543:1039,866,2139,17,546,13083,76,40,262,354
4562:5567,82867,17,564,650,616,736,8,58,327
4578:225,1348,8004,29,17,43649,84,6726,591,354
4588:58,17,616,84,302,354,301,76,6752,518
4618:119,990,91159,1965,21775,3017,61590,40513,9271,49792
4637:3926,35703,8764,106663,40992,75969,112559,86608,88651,85219
4640:119,709,58,29,84,354,15,650,518,6
4641:189,4825,2880,12990,1527,6266,6434,7880,8848,5624
4642:749,10856,14202,35143,4133,1102,654,616,354,8
4651:302,17,654,58,616,1140,726,190,1403,859
4665:749,1348,654,58,84,616,8,29,650,354
4682:95041,22920,10937,57448,7454,56183,19637,2784,54105,32733
4702:13617,72788,34813,67691,5197,83972,7386,60121,36929,8892
4730:356,17952,46215,302,654,84,354,58,616,1462
4736:14940,48,866,302,1187,84,875,354,654,70
4745:1558,967,17,84,302,518,289,564,15,301
4749:496,5928,17,108445,94298,74420,17123,354,616,564
4762:1578,302,1549,17,542,62277,616,90724,654,21255
4774:116,709,58,354,138,616,518,650,301,866
4779:366,116,15540,17,94,378,273,1382,18056,8543
4788:1102,654,302,58,518,301,866,650,616,361
4794:322,14628,30734,70182,27781,23770,4240,30673,58075,58
4797:402,65,755,3304,4173,4522,6030,6376,8276,20458
4802:13221,48,302,654,84,58,354,1187,616,301
4816:47934,8232,54336,17,82069,8021,302,18037,3114,85885
4834:559,875,518,542,245,17,787,302,1389,70
4852:81362,38716,2303,8258,103304,48028,82452,60521,53416,61759
4863:84,85303,17,21650,11229,108932,1190,61,15,1023
4875:5237,5214,654,29,58,616,84,76,354,239
4889:18867,786,1155,302,654,1102,48,58,866,70
4894:4880,31606,866,17,698,1730,76,100998,546,826
4919:559,17,19340,138,654,1190,301,518,15,302
4926:73168,302,654,84,37127,58,1168,787,616,301
4944:30117,113789,101019,21380,25954,112750,78535,79084,17,302
4946:39258,38325,17,93465,70,88348,104276,21731,1359,35418
4956:18867,10039,76,29,17,654,5097,226,866,616
4961:12652,30143,103715,25443,36924,54994,26436,840,33346,89560
4986:58917,654,59847,29,17,138,616,70,84,354
4992:1614,1348,9789,17,364,32,302,616,654,58
5001:7973,58,17,84,616,518,650,354,76,302
5006:17,17867,449,302,62905,73035,654,58,596,95593
5007:1405,46215,3153,5117,441,710,2715,2548,4268,13
5018:654,29,58,84,616,32429,518,1102,354,650
5031:2097,302,654,58,84,518,301,354,1102,76
5039:36263,69493,10536,16036,33831,31492,18783,49377,80214,23373
5040:1405,65,1930,17,518,15,84,301,322,37552
5079:15,645,58,616,84,354,76,6,138,1102
5086:70,10048,76,367,500,866,22002,17,2139,86026
5107:1217,27478,17,106192,4899,28831,35469,787,52552,41565
5119:8276,4027,84,616,302,654,58,518,76,1102
5120:50572,20398,866,123316,361,17,62267,25385,7194,114978
5147:654,58,29,84,650,861,20427,354,8,1102
5176:2674,17,101,875,322,654,84,8,302,616
5188:3107,4755,2880,7006,441,17,34518,1991,69118,35344
5207:58113,16671,105986,33239,17,17790,29017,9789,518,84
5208:17,84,354,138,1476,289,6,518,610,1102
5247:1217,2776,58,17,616,67427,542,654,1511,13749
5271:36535,75582,85703,118152,37610,26966,85496,23376,70,99225
5279:18391,17,58,302,1462,8,736,518,591,650
5288:119,65,28541,3233,302,616,866,58,654,76
5294:124,1958,46215,2162,17,15242,245,891,875,947
5299:449,296,3297,654,58,616,84,650,3234,6
5300:749,285,44923,17,68502,5303,654,75971,358,354
5309:61628,1382,6733,89092,48,1050,10384,17,3570,10681
5329:19871,25479,77881,1119,17,57773,28261,4420,947,75951
5361:29,518,15,13704,2338,22606,46904,1476,17,6030
5364:7450,35283,24655,9323,56900,10305,45160,14890,1992,58654
5378:11644,49219,5315,9629,302,8,518,289,354,76
5385:3675,9617,2917,1339,915,2162,138,301,58,8
5387:650,71980,17,84,6,3234,354,138,285,322
5397:29,84,354,616,866,1102,301,289,650,76
5403:18867,2064,654,58,29,84,354,394,650,76
5425:554,73,17,84,8,1804,654,302,32,616
5433:518,101,654,29,84,224,58,354,76,616
5435:1086,1102,654,17,29,354,58,616,6,138
5436:116,1102,302,354,654,70,138,899,2058,301
5438:4032,4205,1186,1102,302,654,518,616,58,354
5449:27264,46806,102412,86493,81,5663,17,27166,76,13785
5455:1039,48,58,508,17,518,61,20426,8,84
5456:50921,17,58662,17946,9729,8,51246,518,616,15927
5462:65,302,84,654,899,354,58,70,518,8
5472:16286,3423,226,780,5767,1749,3498,1888,22597,13544
5474:1196,1405,1039,5465,302,58,84,8,13430,518
5477:95313,37419,112244,78569,1397,70014,804,149,5975,116695
5479:7312,21722,10234,86979,114848,17,18452,38719,75677,74078
5480:84,58,354,616,138,8,6,3234,301,518
5499:7211,3939,140,1749,3718,37567,2616,8283,226,6108
5512:19984,124,15,518,564,61,17,32,616,245
5530:8546,58,17,542,650,2101,8,518,591,61
5535:1382,26273,1023,17,827,226,354,138,518,62955
5542:1958,327,17,15,245,131,364,2200,103,119
5551:302,654,19623,58,361,616,84,866,46332,354
5580:654,58,302,84,616,518,15,32,354,322
5601:296,418,58,302,84,17,76,8,518,138
5611:51975,302,654,58,616,224,76,60433,84,564
5632:1217,60815,22606,58,302,17,84,654,15,518
5656:1102,302,518,654,58,616,354,6,301,736
5683:30991,719,1013,7180,984,2318,24145,8860,1528,1740
5702:97,3265,84,616,354,6,1102,301,726,322
5707:8225,1352,3172,2880,11725,16519,1712,12990,30257,6266
5717:709,1076,40568,8392,9189,12861,12507,33385,70536,17486
5722:1217,58,17,43724,224,84,8,302,654,182
5741:278,829,58,736,8,616,6,650,518,1462
5765:39997,58,591,17,8,8127,654,302,902,650
5780:709,58,17,84,327,302,354,518,564,15
5784:289,554,17,34442,542,302,616,32,76,902
5798:10427,17,89089,8,899,80090,27487,9077,302,1187
5803:65,1102,29,8,138,76,289,6,70,736
5817:749,3628,58,17,84,616,3829,12262,650,1102
5834:2937,5708,17,5702,3429,650,564,58,616,15540
5858:28541,168,719,984,14226,8860,2103,5480,7711,135
5863:3915,4671,14259,3578,14669,12861,7468,815,9435,1077
5864:1382,1544,116,709,361,17,866,70,616,650
5865:48712,60576,59396,114018,23832,2291,78918,14034,40330,39682
5876:2360,24738,2838,2200,185,81689,10895,16514,75765,245
5884:22935,19197,398,855,15,138,17,542,1196,616
5890:7610,302,17,654,54733,4913,285,58,123293,113913
5923:1196,10930,84,518,17,616,49162,650,736,542
5956:650,1109,819,5567,709,58,654,15,902,564
5964:356,794,48703,62,616,17,6,61,58,654
5990:87258,14732,17,73294,67617,56002,14920,110481,27875,40657
6001:9629,30216,984,8860,22333,719,2103,661,2833,5480
6027:6,554,10560,245,356,656,75427,33060,56243,24259
6031:21816,14642,80208,69507,6974,12407,43032,63666,74776,45379
6067:12710,48,49290,1187,17,14891,138,354,2162,224
6076:65,58,591,17,542,650,654,564,8,1196
6078:24608,17185,25479,1495,19871,15921,47516,9289,10492,43021
6093:654,29,361,115021,48,8,138,301,58,1762
6118:654,29,58,84,616,1023,500,70,301,8
6135:120772,2798,102385,3376,149,1991,120699,1790,16005,30057
6137:302,58,354,8,1762,518,138,866,736,289
6155:26712,27119,245,14955,1410,710,1744,8,518,33449
6161:3409,14964,2447,17,1905,11120,6491,11623,29487,17729
6162:9943,3632,289,17,654,84,302,322,518,616
6164:3423,986,116404,226,1749,32272,1888,140,780,262
6179:7268,4040,10981,73457,22413,17908,17835,3243,103009,7862
6186:101,17,654,302,542,8,518,616,84,650
6192:6733,18867,138,226,354,36210,17,2423,508,564
6210:1102,48,518,138,17,1187,354,1462,58,736
6228:709,58,18355,302,84,354,76,1102,224,650
6270:2280,22192,19132,79129,17,99471,104149,89106,27048,85600
6271:285,2200,654,3234,58,726,84,495,354,6
6298:65,61736,5045,4032,73007,46264,17,20974,616,114461
6301:901,17,84,495,616,6,70,289,1102,162
6331:3423,226,780,1888,2301,986,8511,731,1884,22597
6336:3107,48,4825,17,2880,1187,1352,189,902,39166
6338:398,5048,654,302,138,1102,3423,58,3374,22597
6345:10985,14202,46215,616,58,8,76,518,245,84
6357:813,3476,7178,427,1102,654,58,616,29,518
6371:8276,654,29,58,17,650,616,84,162,138
6392:70,564,58340,986,262,361,40,24658,650,17
6407:1527,81,16404,1352,14059,11839,1712,8848,50678,51821
6420:10648,8733,2582,574,11856,13677,168,8860,4877,7225
6450:650,116,5017,1102,654,58,518,29,616,138
6475:17,302,616,74910,354,84,361,650,301,10797
6520:13501,834,4626,13049,27094,18791,5767,780,1749,508
6543:654,29,58,616,17,84,76,518,542,1102
6555:654,58,354,8,616,138,518,361,650,6
6565:6573,17,4502,1362,1874,12362,13948,302,736,1102
6568:10230,3196,24553,840,197,13049,8041,5627,14793,5966
6587:14202,30301,19233,18438,5343,58,3067,5578,15769,62155
6593:29,58,17,616,84,726,510,72694,6,354
6597:2528,1839,1651,17,1799,76,6901,70,698,8129
6641:1382,26460,8276,10930,15304,17,518,542,564,15
6642:13683,29,518,25363,8445,17342,81112,65522,58,32709
6655:17,866,105226,546,354,73902,16024,226,109264,302
6676:79543,17,866,79330,27705,69015,302,654,58,19306
6682:84,239,58,866,726,3234,138,301,361,3
6723:135,9491,12657,7235,46771,168,984,4119,661,5480
6725:288,3155,33967,302,17,654,354,58,7589,650
6728:7667,2995,616,302,8,58,654,84,81442,76
6735:1155,58,17,616,84,354,518,70,6,8
6736:19536,14202,1039,12253,28988,2708,14750,10075,4203,17
6749:12254,2103,1400,5480,8860,168,135,463,661,15624
6773:301,616,8,1762,518,6,1119,224,285,322
6793:5312,692,1102,654,354,138,29,58,8,736
6843:65,31117,908,18287,2048,2085,11,2950,84,654
6851:3915,2880,10041,4825,1527,3172,5624,8848,1712,12990
6886:179,19984,709,230,1548,559,58,84,616,6
6895:13083,866,33748,1763,546,10947,254,17,2139,20322
6898:709,40,2139,1069,650,17,81,1970,500,226
6932:97,6073,17,61790,224,616,5740,12559,182,14397
6933:82584,1745,17,96005,3260,616,16654,17492,53562,40055
6939:11488,138,17,518,654,15,84,58,6,302
6948:102171,6302,769,14610,56195,4589,1007,64933,3514,31819
6960:361,5807,17,37960,41386,87207,82535,70,68079,29473
6966:81362,38716,2303,8258,3770,48028,103304,60521,82452,82571
6977:73688,473,10561,46673,101003,9902,50316,79831,47726,17
6984:53992,69814,73267,79255,13644,108856,17,57053,11796,76332
7005:70100,15,1196,5567,14129,654,302,84,616,58
7019:48,17,2162,1187,58,84,10616,76,518,8
7034:65,94,2030,32302,60391,58650,108570,17,58,6969
7035:7411,49084,10898,302,654,58,2566,616,1102,301
7053:168,719,37482,121894,1460,76,30978,59197,95794,5738
7059:661,2012,6256,58298,984,109940,2318,8860,1326,93033
7112:75057,2449,71443,103280,102248,120102,107052,66211,37505,81729
7116:1245,10175,78564,17,22546,857,28791,22128,51156,6937
7118:654,58,29,616,76,84,138,1102,224,6
7133:58,84,354,866,650,616,1102,138,48,301
7159:654,302,84,101,301,736,8,1102,518,70
7173:18525,17,654,302,58,28785,190,616,36070,7841
7178:33580,9974,25588,107021,1290,302,112584,2683,63619,81449
7183:1869,17,616,650,518,301,736,6,289,8
7192:58,29,616,84,15,518,354,8,138,301
7203:11590,16045,5975,10981,311,17232,603,8772,7658,2543
7214:60127,1985,763,230,54886,899,46287,48,17,18253
7224:131,52341,94039,17,32,364,50146,616,363,61
7268:3234,17,84,616,1476,354,289,162,138,495
7294:23604,17,1102,518,47807,354,899,301,787,654
7299:4212,743,302,616,58,654,76,542,8,518
7303:83785,74118,104811,121398,46289,100704,25113,97318,62951,23691
7346:1326,508,168,9800,80327,2139,564,40,75173,14754
7356:46215,117677,29732,44945,94447,18777,94441,81659,2492,1326
7366:18867,10930,43535,5708,1102,654,29,58,354,8
7397:6275,58,591,182,1102,17,650,8,654,518
7410:81,46621,226,2967,500,140,22823,70,2379,16404
7414:116,1180,162,6278,17,37780,93098,654,39511,16582
7444:7334,27085,14669,70818,4671,20063,74014,17,12088,26945
7467:23813,8276,5048,4940,3632,962,22606,654,8,616
7488:116,49219,1719,10279,302,58,84,354,616,138
7518:908,2816,1449,2950,84,302,654,66839,58,327
7519:709,2307,48,1187,875,302,70,654,84,2268
7556:67880,48210,47738,71189,20008,25740,103730,22059,25177,31760
7572:12657,168,984,719,7180,4394,9417,661,8733,5557
7586:760,5480,64022,16929,984,168,2833,3211,1124,8860
7590:654,302,616,44144,289,1102,76,322,542,866
7603:4573,616,302,654,58,650,33267,76,1102,596
7605:1410,302,654,616,58,19288,76,8,84,650
7607:964,44115,13511,30188,302,89705,76,107603,650,616
7637:1344,58,302,81,654,363,1681,616,67152,8
7661:17876,49217,44827,17,302,616,902,654,84,245
7678:1352,3107,2880,3172,6601,6434,8848,12990,1712,16519
7692:6,554,656,356,1604,27293,3657,2266,75427,30860
7707:18867,29,84,73,616,301,1804,1102,70,8
7713:654,29,354,236,84,58,650,5457,70,736
7741:179,14186,302,17,944,162,84,591,495,76
7742:354,3,3628,4113,1021,4174,13458,616,11881,8
7743:736,6249,4123,698,96779,70,650,2139,58,104897
7751:15141,427,654,29,48,84,58,354,1187,138
7760:21997,68700,39551,17,64593,89378,34316,64648,15931,15558
7813:1155,596,106238,19268,17,616,121345,3154,73745,654
7818:5575,356,891,616,58,17,650,8,84,542
7841:224,1039,58,654,302,8,84,8151,518,650
7844:2427,99471,62435,302,34839,654,84,60636,616,58
7850:869,4121,3085,17,39840,12766,7006,508,1023,5734
7863:559,17,302,1190,16127,654,554,616,58,364
7869:22646,81362,2303,8258,25398,103304,82571,88899,75269,114916
7888:54038,709,11,654,58,17,84,76,861,518
7894:63428,50605,111136,4858,17,91900,95086,44147,118023,2822
7915:238,84,58,616,17,354,302,15,6,1102
7946:1217,2897,8213,17,15,40457,138,302,54643,301
7949:119,559,8151,1119,17,327,787,245,31792,508
7951:84,58,29,354,616,301,138,8,518,76
7962:2272,29,8,289,650,1762,564,361,861,1196
8002:33472,5323,62607,7623,16036,5122,2028,10536,441,4856
8023:1382,353,245,518,8,58,17,119164,542,12344
8032:17,92524,31954,106434,1435,1382,70,76,16459,301
8054:873,46215,2139,5202,81,68125,17,564,698,70
8065:8276,58,495,518,354,726,542,650,861,363
8068:10787,24655,5962,538,3746,10048,49507,21640,18975,28945
8069:1372,3207,3506,970,8536,866,8871,86638,3434,68989
8081:709,302,361,189,84,354,58,76,70,138
8090:296,29709,84,58,354,837,3234,616,866,6
8097:51052,64856,1435,6588,1936,17,508,76,103027,6793
8103:65416,25751,29263,41180,48159,3509,110789,44420,4568,47013
8130:1102,17,518,354,116922,8,302,654,736,38673
8137:4880,559,14202,25164,58,29,138,301,361,736
8150:65,1958,84,17,138,302,518,6,650,289
8163:2930,17,53328,254,1995,546,13083,16390,76,2139
8186:654,518,58,354,29,37150,138,616,301,736
8206:15459,47339,13243,616,1598,28618,1305,262,65599,52551
8224:96654,2982,814,7624,84,1462,518,17,650,289
8229:14129,58,17,616,84,302,6,518,354,8
8264:9407,545,73761,96367,14034,39436,542,83266,30961,100889
8270:24676,10682,1109,17,236,47255,93241,101685,48507,654
8276:58,17,84,1476,6,616,138,301,866,650
8287:10834,6733,39436,23950,68034,24917,40,2139,14597,262
8310:6224,44227,60114,49237,47188,306,105234,4341,6311,99167
8326:361,302,76,654,58,1102,616,394,42899,354
8343:302,58,616,654,790,26748,650,301,1102,542
8347:29,616,354,8,289,138,6,518,650,301
8352:11626,709,29709,17,873,6793,76,736,1287,301
8380:336,36502,168,14754,1013,760,8459,752,6097,1326
8396:97,116,43789,58,302,1102,17,162,616,354
8406:699,1102,654,29,17,8,378,518,616,354
8449:61822,27322,23191,2880,4825,3172,107332,6434,1712,8848
8477:22,189,3172,4755,168,226,508,297,719,17
8499:12117,1205,34779,17,441,1002,931,4755,710,3618
8500:4455,8418,50294,120437,88651,60193,29047,114133,69811,51477
8513:30316,11,7145,17,119,77332,106924,70,3233,327
8530:2317,99733,58,302,17,654,84,1424,162,15
8531:302,58,8,1762,301,15,29,162,76,322
8569:1527,4825,12016,10041,1352,6434,8848,27138,7859,189
8581:236,94993,23639,14750,17,698,88665,616,654,409
8582:1567,3250,17164,1102,837,354,650,8,6,285
8636:6901,8783,26437,48431,2857,38820,24647,28389,29172,5357
8660:3476,1119,58,17,84,138,495,616,162,354
8681:8683,699,84,654,302,8,289,354,301,866
8692:3423,42354,18239,1749,5767,2379,39617,3137,8283,780
8718:1400,984,2103,5480,8860,463,760,7838,39242,11255
8719:361,654,29,354,84,58,138,616,8,301
8735:6759,10047,3244,1681,289,162,19993,1102,24698,5420
8746:65,58,302,84,616,518,8,394,542,301
8768:39619,5726,48992,95858,4979,115140,18115,96188,17,56217
8771:65,7446,8,17,1762,58,354,302,654,6
8774:8483,699,6837,1382,2266,58,15521,30301,1102,17
8788:97,116,8276,25946,46756,5753,58,29,84,6
8789:117014,119009,25987,17,245,10041,2880,1352,931,121576
8790:398,675,16158,82551,40518,11563,12760,104630,48741,5522
8802:8870,302,654,354,8,1762,616,301,866,289
8825:9342,1455,22142,17164,654,58,7795,8,616,84
8863:2816,654,302,58,8,1762,354,518,861,301
8872:861,65,17,510,245,364,486,363,32,61
8877:94,9943,24429,14202,15,17,32,245,354,787
8906:77859,354,17,302,1023,654,1535,380,564,518
8915:1287,65,119,1102,17,58,518,138,301,654
8916:418,78742,57740,115276,51694,302,1178,17,15765,654
8924:13170,4715,226,17,441,76,1410,21224,64656,508
8931:1196,58,302,654,616,8,84,518,354,289
8935:55062,654,302,616,58,8,23409,103,2583,564
9000:554,1102,17,1804,616,302,518,8,2469,6
9085:899,29,654,48,17,12776,84,4364,354,138
9096:27344,1455,2880,4568,6266,7880,12990,1712,19524,3328
9098:2614,1678,14906,76,9417,698,61503,18777,105135,1326
9111:62,1109,356,398,407,4374,10493,1240,15676,10046
9128:6809,1162,58,654,616,29,84,8,354,542
9135:654,11621,7795,3448,17,4203,8861,302,2235,10075
9152:119,5567,654,302,616,84,3233,58,8,518
9155:103001,17740,31210,58,14154,591,17,8409,25934,650
9157:112933,107533,57971,3034,8041,8529,6311,533,7926,53110
9158:3717,115489,93890,90731,2973,94279,3131,4292,40,17
9171:749,65,511,654,361,58,354,84,54574,29
9173:20988,302,654,84,74715,354,58,301,616,8
9200:14671,45041,4621,16407,22719,58220,52378,78698,3787,20989
9225:71228,1077,14259,311,14669,866,17,4445,12861,5512
9236:34433,86852,17,3915,14740,27042,7006,4755,68174,103
9237:1362,48110,1874,6873,65,29,84,542,15,289
9245:62574,1866,3853,45849,3805,21625,1362,7648,923,6541
9256:19899,46215,1102,302,654,354,8,58,616,76
9291:230,14202,616,8,542,58,654,84,564,61
9312:302,654,58,616,84,8,15,354,542,301
9359:58,302,654,48,616,84,6883,518,8,354
9364:5389,31120,17,518,70,542,564,15,301,616
9369:168,719,8860,4792,10292,2103,95729,36953,1147,984
9371:8151,302,654,1119,14108,2162,518,58,866,736
9400:58,17,236,861,302,76,10623,84,542,8
9431:815,14496,4671,9594,34689,70613,17,1468,2904,14259
9437:53318,5962,3746,28945,24655,10048,5053,10787,75586,5613
9443:58,302,48,654,84,8,138,518,76,650
9451:302,58,84,354,899,301,616,6,1102,650
9473:22777,28416,29335,4755,10041,40825,33851,2880,8484,1352
9487:3476,483,8105,14155,17,654,84,15,1102,138
9489:3632,29,654,17,30353,58,616,703,84,650
9494:189,840,2548,4755,3196,157,27094,2880,20927,4626
9507:53415,2268,28809,17,19313,34571,120243,1951,69,58254
9525:518,1187,17,1119,2162,302,94,354,245,875
9535:124,36210,3054,698,2423,8167,582,76,3477,21843
9538:53001,3404,709,58,650,17,861,8,564,542
9580:63579,17,84,542,616,650,564,518,1231,356
9590:58,518,17,354,542,302,1762,650,301,138
9593:1348,302,654,84,8,616,58,76,79508,17273
9606:5254,189,3484,41142,4755,62160,19433,378,118615,14754
9612:322,559,1958,3431,302,3429,1102,58,616,136
9630:14498,984,5480,719,1400,7180,8860,2103,801,463
9665:84,378,29,58,17,650,354,736,861,8
9668:9289,189,6539,18451,17,302,73450,356,654,616
9693:17,9789,654,302,94,16156,24012,119,65,58
9694:6387,15542,17,32578,6198,89841,5443,28132,76,70
9722:8651,46215,3632,17,873,80120,245,1127,327,61
9727:39860,58835,50463,21722,40860,49652,67350,46178,68947,25143
9745:4563,84,654,58,17,518,354,138,861,285
9753:15242,1119,17,6945,947,245,22538,1195,109,84
9786:361,48,302,354,654,84,1187,138,70,58
9813:65,18532,97068,67068,9212,17,68567,931,55244,1410
9824:66069,4513,3187,19810,38225,3618,44318,5840,81861,1002
9827:131,17,50667,875,899,245,2200,6,364,327
9831:984,14226,2103,168,5480,8860,1400,463,3211,719
9839:20396,698,52594,93627,76,17,15106,27671,81,63621
9864:9387,15,3,190,29,654,1476,17,58,84
9879:50041,10290,1945,26405,63913,42086,109531,17,15941,94368
9890:3476,116,1240,58,84,17,861,302,510,654
9896:1827,9490,8536,33639,25783,353,17,245,11998,1405
9899:866,23516,24835,302,354,76,19419,301,7703,77614
9900:1348,46215,616,17,63742,654,289,89055,354,650
9927:356,116,119,1217,1102,138,518,6,650,162
9945:18287,66643,39323,15408,7146,6941,26026,5123,12808,59474
10030:363,654,302,616,84,15,289,301,8,518
10073:52,1140,7578,17,58,654,46496,105213,17949,87266
10082:4889,1397,2696,302,873,1827,361,84,654,508
10088:50278,22059,25177,25368,28632,81719,21150,17718,103730,17056
10111:17,245,8673,931,32,327,48603,302,654,1023
10130:51126,21744,7703,63739,41024,17,24835,19419,70,654
10148:14498,719,5480,984,7180,1400,8860,1326,1528,5023
10155:5582,8213,1410,356,103,5303,17,74151,9539,51809
10194:17615,302,654,8,116680,354,1762,58,866,616
10196:302,58,354,616,3931,84,29,301,866,650
10210:11623,17198,11644,37386,1905,2447,17,21952,9629,17729
10235:3282,6320,3060,10882,11847,83921,100832,42203,40831,60256
10267:29,354,1187,736,1762,616,866,8,518,650
10276:454,58,654,616,302,84,518,650,1196,564
10279:1550,53496,616,17,302,46567,16391,1676,2042,44661
10302:3234,726,285,35362,1937,2030,10957,486,2369,1866
10306:3476,2059,46215,16811,616,654,17,29,289,650
10339:119,875,559,9617,654,58,354,29,616,518
10342:119,559,17431,17,101,3101,8,654,518,84
10359:302,654,58,285,84,866,354,58170,1102,301
10366:58,654,84,29,861,6,354,76,650,15
10371:53016,79096,83367,67392,12216,3550,22555,76,40,29384
10377:654,48,17,1187,101,58,7052,302,2162,39599
10388:819,568,5048,354,17,1023,38454,15,654,21722
10420:591,58,9585,17,45320,123245,20899,654,81,302
10439:84,29,354,301,138,866,289,8,650,76
10471:1405,17,1762,89405,518,354,654,302,11209,58
10478:5254,17,58,84,302,616,138,518,6,35026
10480:58,591,17,20185,654,542,650,302,108232,8
10523:441,48084,81290,1340,4513,3618,1002,16465,13881,3506
10563:378,899,6450,1119,302,84,891,654,354,70
10564:311,2829,8066,2675,866,654,354,302,84,58
10570:303,8109,29,58,17,84,616,354,6,650
10636:236,49612,654,302,616,39700,1102,289,8,76
10710:449,10012,58,70,8,616,518,1762,76,650
10770:2543,12861,10209,7622,17486,7334,8392,4625,2215,19152
10807:58829,2387,157,18143,8151,1119,66091,17,60825,1127
10843:559,17,726,1190,3,654,395,58,616,1140
10845:10770,57773,13667,26567,61664,18891,65072,75951,85333,34052
10858:530,108555,13633,90414,73603,17,4033,11381,616,5226
10908:84,518,17,873,31244,110744,787,65,302,1102
10913:19442,22926,12869,20118,12306,16851,49843,53238,27944,49552
10920:1476,22606,58,654,616,518,8,245,103,84
10991:115140,2139,13389,81,40,89977,117931,6491,100961,115265
10999:11122,29,17,654,58,616,84,76,564,518
11000:4616,3423,37567,780,2241,15535,5767,22597,22689,5860
11022:244,302,654,84,58,76,66067,301,518,8
11037:11626,10883,311,17486,31157,1011,4625,8867,39440,6900
11105:2789,952,559,302,654,354,8,518,899,1187
11134:18867,17403,6916,7305,780,226,3423,986,17,70
11135:65,17,22219,15,103,508,2583,787,302,5414
11150:76253,6120,5975,58411,15506,61847,5319,37293,49072,214
11228:441,4513,1256,14955,1002,2917,5122,119799,58552,29311
11264:29,654,17,58,616,495,84,6,650,1860
11279:2405,118856,13926,19000,52989,113529,58982,35846,32758,16425
11287:1102,302,654,354,8,58,301,518,616,70
11378:30348,17,70,11392,76,698,2139,18996,238,90982
11394:12776,81265,8968,1606,14156,17,856,1309,65518,39020
11404:19963,106250,7764,17,1550,45867,15261,518,654,76
11418:6024,984,1527,8860,7180,1400,2259,1528,3211,8733
11419:1545,302,12399,654,18239,84,1865,354,866,58
11437:1902,33449,226,10438,535,87835,262,100105,76,17
11439:93409,113022,5117,36819,75500,10522,13505,94391,98753,23692
11462:65,77549,5117,58382,931,17,109687,2194,2139,1410
11463:1405,8276,58,29,354,301,1762,15,861,76
11510:650,190,654,616,58,29,17,138,84,518
11525:19963,2361,302,654,17,650,58,354,25517,6
11529:29,301,726,17,84333,654,37343,495,58,17367
11535:19963,2265,302,14966,654,58,616,155,30661,7627
11538:36105,29,58,17,84,616,97163,354,138,162
11540:19065,106074,63412,86953,27250,86550,19294,4600,26293,44680
11558:1539,94801,17118,97596,7620,72962,17,51409,97494,1825
11569:394,29,616,518,726,8,289,15,285,1362
11584:944,17,289,654,861,650,302,8,564,1196
11586:1405,24467,55062,119,54994,103715,3233,17,118760,37521
11603:17,837,616,302,654,58,84686,394,1684,190
11606:25271,58,654,29,84,591,650,354,564,1102
11616:14857,3231,100721,17,27606,302,58,616,1196,42719
11676:780,16404,16286,2241,5767,262,3137,731,1749,7211
11685:974,53124,1044,17,10598,7560,302,654,2990,616
11719:1455,378,17,1462,1023,80219,508,780,76,500
11775:17183,70054,17,138,70,654,11870,84,616,81098
11781:119,8730,84,654,29,58,17,616,3233,224
11795:2008,4510,10985,8839,2917,40472,17,441,60187,14574
11856:106081,1888,41568,226,2967,7211,500,3819,780,1884
11865:17,84,58,302,70,518,616,736,650,361
11892:105546,86371,85543,5398,3847,17,13756,11887,39052,120841
11896:361,17,10909,3732,105195,94201,358,2139,33461,52734
11910:1927,899,48,6450,84,88573,654,354,70,736
11929:65,1220,3137,654,29,84,650,289,736,866
11956:654,29,616,84,354,76,650,301,8,554
11972:5161,82167,51298,88337,1360,17,21917,16237,8612,9758
11983:1039,89388,654,17,77386,58,84,616,8,354
11988:15,1196,5753,654,302,58,84,616,224,354
11999:7630,39567,4696,15817,3506,441,2715,4856,26798,13
12008:1508,115743,102001,17,58,83863,616,19399,654,1403
12010:55062,27070,4513,441,3196,1744,710,197,57305,1002
12011:34099,17,111591,29390,25996,616,5575,302,58,61023
12028:2316,1217,4578,5465,654,84,866,289,861,138
12037:6759,17,654,162,302,6,15,322,285,84
12050:53415,654,17,518,1762,354,616,138,5790,6
12067:2528,4146,2857,6117,45287,24647,4093,16658,29172,10302
12084:8730,654,29,861,17,591,1140,289,6,84
12232:17,3915,289,654,84,8,302,6,354,102207
12234:65,17,866,546,301,13083,114901,245,34425,1410
12263:17164,57147,86424,17,8,542,61,245,60689,44544
12272:3256,427,10085,35141,43701,96681,17,15752,542,43724
12296:1389,1187,899,17,4420,116562,1057,6945,48,2935
12310:124,1109,22606,8276,17,138,1102,1119,518,2162
12327:70591,36562,42715,6545,698,564,17,40924,650,17578
12360:116,285,302,654,58,84,7941,866,354,1102
12364:65,302,654,58,591,76,1102,866,354,650
12375:47623,931,39233,67765,47601,75280,65861,20676,56781,84119
12406:986,12710,67033,226,77390,17,33063,92633,354,14891
12416:1287,11604,84,302,19162,654,518,86781,95382,57499
12467:56131,15859,94788,6094,17,28795,10175,94320,5061,28631
12480:6496,11803,5702,17,302,654,39285,14823,57893,616
12512:654,58,1102,616,354,84,301,8,138,6
12533:9617,3632,29,58,354,726,616,162,8,6
12540:1348,654,17,29,6342,1389,35152,84,58,43757
12544:518,84,15,17,118347,138,650,1109,61,616
12559:2162,4837,1119,84,302,875,654,354,947,111012
12564:9894,1023,2976,58,84,616,6,354,866,1102
12587:431,302,654,26053,58,84,866,7976,354,301
12595:6559,3939,535,7623,76,22421,10175,840,2139,47366
12601:14012,51041,35724,36782,17,226,77382,79255,354,1462
12604:17468,3250,302,84,354,162,289,70801,518,1102
12622:1548,16401,42259,17,17608,45842,654,616,84,289
12630:22253,119,83893,17,3233,61,34542,58,654,17539
12642:654,1102,29,289,616,17,354,518,8,6
12753:5184,36788,17,58,616,650,74151,302,285,654
12773:59656,55267,114709,69111,26035,2194,9397,26138,120767,29559
12794:2669,1099,425,16258,46215,32627,20036,76,17,89566
12811:116,427,673,1119,17,84,354,302,2162,361
12860:114059,119,559,654,29,58,138,1762,616,301
12885:302,654,58,8197,650,616,14750,84,564,3448
12892:58,76,302,654,616,224,1102,8,301,1109
12898:266,13221,15,11522,35651,45035,3638,17,10349,58
12912:4262,84,17,354,76599,6,289,1476,861,650
12918:62776,17,616,302,289,84,354,322,6,650
13004:37793,74836,91507,67274,17,46575,2139,76,482,60703
13039:2633,533,37819,20164,16574,81306,11538,10981,35586,6311
13071:10041,23884,93630,1352,113702,6434,3107,8848,20806,1527
13081:363,654,289,84,3234,650,726,6,8,76
13109:17,873,76,81,11945,109442,111493,2139,986,564
13152:17,654,84,48,866,58,361,1462,736,301
13233:1001,17,302,616,554,76019,91867,356,650,60216
13264:302,654,58,8,6491,84,616,354,18239,76
13280:5542,17,654,58,1866,162,15,6,322,302
13295:559,654,302,861,84,8,289,726,76,542
13312:354,654,58,84,829,138,866,495,657,1102
13335:58,17,90757,36951,861,358,356,8,302,46405
13339:104494,16016,54142,10492,13889,64487,7021,13667,37869,89948
13353:3423,86,508,780,17,13657,226,500,76442,140
13367:15558,120358,109548,9560,2135,36108,118783,984,168,10420
13377:2717,1965,43400,19957,92977,226,17,21572,698,76
13414:395,16329,53758,5884,302,654,58,616,56268,1102
13432:1572,19222,17,2202,21407,119583,787,97009,654,58
13434:15976,3207,48,8536,866,302,84,654,245,354
13436:19433,59405,4640,46994,105997,23824,93236,89820,14600,29952
13444:303,1009,40,17,226,518,54109,354,1462,21511
13459:18287,5214,10039,2139,698,66971,40,5097,76,29473
13464:168,1400,984,463,719,9417,7994,10267,1531,760
13504:947,899,302,48,58,84,354,301,2162,29723
13506:9006,302,285,17,62037,654,495,74844,58,50726
13511:1550,2626,49217,84,302,654,510,58,616,8
13533:101,17,654,84,302,8,650,39733,518,813
13535:27070,3196,189,157,10541,63563,2055,14793,4626,465
13568:26054,9497,103773,35494,4600,1526,16715,4697,76,64212
13584:3632,2345,17,61,787,59359,245,103,654,32
13602:28536,58,162,17,15,564,1804,518,84,654
13632:112863,7703,99198,70485,121287,75401,16235,696,37056,50040
13633:3,3628,2270,45181,2769,354,3160,1804,2469,11683
13665:5465,56338,17,76,4195,151,302,542,1001,616
13701:5465,8041,33980,10180,117854,4671,14230,70,51483,17
13806:119,302,2570,654,354,361,518,58,301,616
13812:3702,58,591,90965,17,302,564,654,650,109730
13813:2200,6094,5928,302,4708,58,123064,654,8,90724
13876:15,3250,2715,30,559,302,17,654,58,616
13883:58,302,239,84,354,104601,726,616,101,301
13884:29,654,17,58,616,84,564,354,138,70
13892:119788,65623,95077,39003,62664,69067,87864,10521,12383,17406
13893:533,5304,10180,10981,44820,4310,37819,74167,2543,28122
13900:1762,302,654,8,354,58,2570,518,616,301
13924:1382,654,302,239,84,726,58,837,301,866
13953:6759,17,5097,2008,1913,361,890,21696,1377,4743
14024:28615,827,93665,88114,74592,74803,123308,23823,8483,4444
14057:65362,429,17,36087,645,68828,302,20712,109311,19560
14058:71761,17,9126,65937,58,302,616,84,650,6897
14065:10543,385,2139,33223,71896,76,28166,13389,2414,81
14069:654,1102,616,354,650,138,866,84,301,289
14139:3377,56398,761,13681,58,518,8,84,542,32
14176:1086,29,654,17,58,616,84,138,596,6
14210:58,302,17,616,84,354,6,650,15,518
14211:8655,364,17,3538,14433,6254,616,37452,302,21056
14247:36785,302,654,1102,354,8,518,866,138,83193
14293:30635,654,29,616,84,354,650,101,301,119296
14314:3915,2618,84,302,654,48833,1102,58,616,76
14330:1987,970,8803,8286,615,8,62769,51752,18098,112591
14336:17426,226,1310,17,564,8673,1002,34309,2139,354
14371:899,1187,17,518,354,48,1389,364,2200,363
14446:17,103814,8197,302,364,654,62,97,182,616
14470:59199,1102,654,17,58,29,354,518,616,138
14473:361,7180,17,760,84,877,69615,5480,138,85350
14536:14593,12657,3709,15949,168,719,8860,1740,9657,10152
14613:65,29,654,58,591,17,74433,650,15025,113836
14695:245,1985,17,1744,27105,710,327,7829,4422,518
14697:33862,25466,4158,48210,71189,2439,17498,16501,25177,38773
14701:5407,84,17,58,302,354,616,518,6,15
14717:3423,14825,780,3137,116404,3739,14059,16404,2241,262
14755:709,58,610,17,616,12011,302,84,109822,650
14771:3423,52303,13544,3137,111599,140,986,8511,226,7211
14788:591,861,17,84,302,1424,289,518,354,15583
14791:20594,61641,168,2103,463,984,48340,5480,1400,2642
14794:58,302,15676,654,616,7623,8,101,301,84
14824:2917,497,42397,3688,5122,13,4715,4513,4421,3618
14881:336,168,2103,1400,984,463,661,8860,8733,4877
14883:5176,1102,29,354,56982,2162,58,138,301,866
14906:77296,81,22421,80690,2301,9780,52303,3423,14059,40012
14933:20525,840,14793,10541,2055,465,157,18897,27094,31282
14934:574,4940,719,2103,463,8860,2642,661,135,1400
14964:116,58,84,354,866,1102,138,616,3234,239
15002:52792,77433,7148,16851,68900,58754,99231,46424,27944,31723
15024:16519,3484,4755,17,68632,14401,8839,500,114983,2880
15025:56570,60549,86547,40281,70287,78215,79582,33930,14244,26687
15044:616,17,302,564,654,58,542,6,356,1196
15106:6,1568,483,66,720,46687,17,42737,84,654
15135:3476,1962,3514,427,34657,17,105946,1951,787,518
15177:361,84,302,654,301,58,650,151,8,1102
15178:19818,29891,14003,17029,30688,654,866,302,58,84
15207:2959,79115,44812,45471,10175,112255,535,21216,14090,17
15211:840,14793,10541,2055,5627,4140,14900,157,31282,27173
15214:3409,57128,96190,840,54907,4751,22788,465,4179,27094
15280:8167,12332,59005,75530,3126,698,3477,564,7482,41249
15289:5545,11780,8011,149,89259,7273,17,101393,66201,72027
15333:58,8171,31622,17,591,8,84,22993,162,564
15352:888,29,654,17,54135,58,616,827,76,650
15366:17,3,3234,84,616,162,1567,354,285,138
15375:17,58,1196,654,162,364,616,302,363,32
15378:361,24533,17,70,76,100559,72691,48886,35798,109307
15385:654,3,49217,495,58,84,354,866,1102,749
15394:33051,285,17,654,6,58,616,62,354,322
15433:71593,86514,33653,34808,12039,116324,6921,116454,28790,28894
15434:20008,9656,48210,16151,16501,31760,34959,25177,81719,3481
15525:24890,29,84,354,361,162,289,301,138,1102
15551:1102,302,354,518,654,76,1913,866,58,616
15587:11270,6223,16861,54390,16866,22238,36646,58463,20396,86323
15591:901,1337,226,48042,5975,13971,67582,76,17,47678
15601:2031,1102,17,354,654,302,6,301,303,70
15604:5542,17431,58,654,302,84,591,8,76,542
15640:14202,42805,60780,17,120934,70083,33454,95592,302,70783
15724:38177,17,654,302,58,28785,190,616,36070,26390
15737:28446,12594,168,70,35873,37535,12022,17,719,28604
15752:1102,654,302,8,354,616,301,58,518,44974
15760:62155,366,15540,17,94,3067,35589,31938,4619,46855
15857:1039,17,1102,8,84,245,15,354,101,301
15882:1001,226,986,17,780,140,731,17336,302,3137
15889:31723,14793,197,10541,13049,115586,840,5627,109961,5111
15908:7945,118413,63779,68812,106624,43803,19302,43186,28613,45956
15914:675,19059,15771,17,302,616,58,205,79032,83640
15918:25714,8284,59544,34772,95672,56473,18884,40150,112755,616
15999:1057,17,245,327,15,787,301,103,61,5261
16043:8588,11488,57108,1449,51865,17,119932,31796,60564,508
16065:559,654,42526,29,58,26199,616,1102,726,16819
16088:45,4173,17,107281,654,52396,66,6,58,285
16093:224,17,245,363,302,654,81765,61,322,58
16097:8927,57791,8783,4146,25351,5357,8129,684,21500,48431
16151:84,17,58,302,518,22047,16949,301,736,70
16167:986,3423,70,140,780,5767,1888,7211,3137,61585
16169:30911,79869,33830,11843,102035,2305,1050,6243,37952,1102
16187:10902,17804,95206,12438,81,226,30650,2601,112699,14048
16233:14892,17220,1614,3426,44069,5928,9711,17,7238,36172
16234:8860,1400,984,2103,5480,1740,15949,168,661,5488
16277:508,17,654,616,302,289,39415,11870,650,322
16309:58,17,84,591,76,302,354,736,650,8
16330:97,10930,179,60815,17,302,289,654,162,32
16411:2614,197,2548,27070,13049,3370,8069,18269,27094,20525
16422:30911,79869,33830,2305,11843,9618,102035,6143,9245,15141
16515:3423,226,2379,1888,140,2241,3374,22597,6202,5767
16522:709,5465,17,354,7194,4195,84,70,302,546
16530:41961,1382,15466,245,17,131,2200,165,508,302
16553:1187,4187,17,6450,901,302,1119,84,654,70
16554:8870,18287,10930,8016,17,2733,1410,58,33285,245
16639:13460,29475,719,34322,8860,5480,2642,8733,661,10267
16640:1389,302,58,654,8016,650,861,8,76,542
16641:6387,1913,1102,38857,17,354,518,8,35247,99562
16642:59616,2852,46328,459,52098,17,7590,616,2015,19972
16674:3250,84,17,356,302,354,654,1102,564,616
16710:23299,25013,34030,11998,17,80117,29977,18492,322,654
16796:104811,64422,24439,111867,31468,22711,19968,44915,72768,93727
16815:4562,9435,2543,19378,19152,17486,8867,56048,10722,77269
16878:302,58,2583,654,866,591,431,650,151,361
16887:2059,119,616,654,302,58,944,3233,363,84
16926:65,17,302,138,6759,58,654,518,33879,542
16954:4083,3057,3223,6346,2657,766,4522,84,49420,654
16983:17,84,591,289,654,8,650,302,518,322
17056:58,654,4871,29,17,4,24824,11358,591,75586
17099:58,7273,17,650,52099,13652,564,861,302,20557
17117:96317,15868,931,17,38896,710,87336,117683,4755,947
17159:2618,60391,6969,16654,108570,17,616,28861,1030,542
17191:18867,71607,17,106411,7014,226,3600,654,17140,35977
17193:51158,28759,85001,131,17,46689,287,45955,18757,45793
17195:86747,302,15660,616,86504,17,89881,71203,2624,654
17278:840,197,18791,13049,5627,18269,4179,8069,10997,105511
17328:1764,32,118663,120942,564,72513,17,5417,650,94010
17363:17,616,58,302,654,6,322,15540,162,285
17440:41141,6901,5041,17,1119,7198,891,15354,9881,616
17473:54866,8552,85570,23832,33601,94491,93277,3360,81206,42798
17477:6824,10039,3568,17,56946,2265,698,890,40,1164
17492:654,58,1102,354,84,866,138,1476,301,6
17528:20185,17,616,654,6,4592,302,102262,94054,364
17606:58,17,1527,8,67219,650,302,654,564,245
17625:8427,533,4671,10981,12861,1352,17316,9855,12820,1011
17688:3915,84,3368,302,14685,518,654,60317,58,1102
17689:97,302,654,1762,518,58,301,866,616,138
17695:15377,121011,18785,14715,302,73435,20851,289,699,84
17716:25956,102013,112914,51677,1718,41451,40222,34975,9554,14283
17749:30906,302,354,654,76,7194,358,58,1728,2139
17753:2467,8730,654,29,17,58,84,354,616,650
17810:11476,7334,88646,34158,8759,68064,17,55909,14259,11855
17812:302,48,654,84,58,616,944,354,8,736
17813:12763,77733,9848,39000,65232,56527,12710,120803,31609,15340
17890:29543,67080,2406,21572,92494,121696,14966,7448,23523,1176
17897:2059,38329,29,84,58,354,1102,726,518,616
17972:1477,109470,6798,226,47248,17,43801,9583,90030,16387
18039:10647,8,17,73123,84,51864,564,92211,650,616
18042:69034,56534,120962,17,3512,815,16674,42538,93206,508
18070:4513,2696,1002,441,1827,710,15724,378,353,2714
18147:947,654,84,302,5117,58,866,57500,4793,361
18182:9477,302,120801,88874,72749,17186,719,168,26274,866
18186:1744,1102,654,354,302,899,58,8,301,48
18208:30533,8066,4562,19378,20339,31157,23641,2543,22132,4625
18211:60815,1102,654,302,8,354,947,58,301,518
18273:780,3423,24591,116981,226,262,12586,5767,500,2241
18284:14202,12483,289,354,17,27690,8,1102,654,518
18306:220,1360,58,510,302,17,616,84,354,106781
18360:124,47836,226,17,35055,354,63746,508,518,37199
18404:5345,17,596,12641,302,115278,654,61328,616,58
18417:591,302,861,654,58,11459,84,25934,354,301
18510:654,17,495,302,616,58,66,1866,1196,1362
18709:47658,121945,17,76,16208,15238,1462,2139,20548,358
18810:29,17,101,84,591,6,8,518,301,15
18815:32285,18096,60072,22,17,121531,32075,58073,508,616
18845:2361,3632,99733,6759,40662,616,61,32,17,364
18901:289,77914,654,29,84,58,616,354,6,138
19001:1940,302,34289,654,6908,24170,58,98471,866,84
19010:52521,654,370,17,58,84,27108,354,1476,138
19019:116,901,5581,17,521,302,654,42803,449,84
19051:654,19615,3476,210,11720,87636,29,51649,17,58
19062:36134,13419,88124,12071,15196,17,118305,121840,78949,3017
19102:58,654,29,53315,84,76,354,138,591,97857
19198:659,168,984,5480,2103,760,719,20732,3709,463
19243:31845,53566,74905,13910,7856,99664,13289,30082,302,654
19246:4018,302,654,361,866,58,354,84,138,301
19277:20525,63563,3196,157,197,24752,10541,40266,13049,14793
19434:24854,63874,92483,76,33131,106949,17,40,35319,4744
19452:302,17,138,654,56473,84,518,70,301,1102
19468:709,654,29,354,58,84,138,63692,1102,616
19482:4174,1587,82016,17,44456,302,99596,32,654,354
19517:58,302,654,616,84,301,54704,2369,8,76
19528:40537,15529,7475,3739,81,41813,30662,13767,9790,50323
19554:1102,58,17,518,10376,591,654,354,302,650
19692:1606,33232,25733,5761,10531,4364,46312,17,65949,30151
19757:13785,115197,15420,698,57407,76,8981,5663,27438,1069
19788:25946,16044,22423,102563,81493,302,111558,43519,17,58
19847:354,4032,4205,17,58,302,70,84,26463,616
19882:785,18239,302,361,84,866,899,354,76,301
19985:37569,58,14519,17,302,616,76,76566,84,354
20073:2139,109161,361,23113,17,2194,1164,6636,1995,813
20220:285,8105,654,29,58,66,616,944,84,690
20234:1102,29,17,58,2570,70,301,736,8,866
20299:2537,12601,84,803,510,542,1180,61,153,1920
20316:302,654,84,616,116700,354,8,76,301,518
20360:16662,729,29,17,58,84,361,354,138,1102
20378:302,616,654,23124,8,84,58,361,518,508
20441:48,17,302,224,1187,654,596,61003,62,3273
20443:31598,1023,17,194,302,787,206,656,654,73950
20456:93145,17,302,46764,787,654,650,616,58,76
20473:80985,4889,81507,4555,533,75199,66074,44145,50584,106034
20546:1405,559,119,967,17,84,138,650,289,518
20582:11741,79964,53324,102850,17,53105,73038,15819,21223,37695
20607:58,29,17,84,616,354,9748,6,518,138
20684:3423,3374,780,90800,3137,986,5767,1749,140,13544
20892:1382,73670,7758,17,5790,36088,122594,23467,302,654
20911:16722,13236,109458,13422,17,81972,56379,4964,518,102518
20985:20836,1176,96993,25940,23523,16701,14966,17,361,17986
21028:974,10466,13901,22,84,654,7624,58,50156,616
21032:21416,28027,62157,8190,17,72921,71795,4393,645,76
21037:7703,3514,37744,68254,76,14184,698,12001,564,39016
21082:45423,53341,10404,10503,32351,37068,68717,49329,90568,104130
21140:361,2583,302,654,84,354,7048,58,301,70
21160:68408,226,5914,5319,17,533,5975,10981,11590,37277
21207:306,16816,17,1589,4532,60115,14029,51685,13832,12090
21220:1352,10041,2880,189,8848,5450,12990,7880,2711,5624
21256:12916,26326,67446,10021,19399,18281,16898,6741,68502,36022
21469:14202,7171,35144,89602,17,616,61680,999,120907,103
21543:197,3196,10541,13049,18791,157,5627,2548,14793,7340
21585:6387,22507,12832,2848,31633,76,5214,1149,38349,28132
21608:749,236,116,17,302,899,654,354,6,51241
21617:29,17,84,101,6,354,650,322,8,1102
21712:19264,58,591,17,302,56704,650,654,61,8
21737:79112,840,67735,11155,11321,81940,93682,21695,45654,64938
21763:749,58,17,29,591,5553,84,354,650,53143
21794:749,28650,17,654,38934,15423,302,52063,58,6848
21853:23245,116782,87209,69320,6139,26205,17,27296,102983,91567
21869:8322,90800,3307,7623,92211,18921,14906,70164,73123,55663
21908:709,302,361,654,354,58,84,944,8016,76
21912:2982,11626,28541,81,70,226,1023,17,3423,138
21943:463,81593,29969,36244,48649,81,76,28553,3315,107822
21968:3855,17,25491,22349,245,113913,654,58,16070,8215
22109:1348,58,302,654,8,84,76,591,650,99740
22158:361,12776,17,84,354,70,3389,1119,2139,87376
22164:34143,709,17,354,5581,1023,654,301,302,1535
22176:46215,16036,42511,827,4444,2347,17798,12139,8470,441
22222:378,1057,32558,17,899,8579,1187,8151,891,1827
22246:4446,66729,53253,18207,17625,7356,30467,16396,6187,7458
22263:654,29,58,616,84,354,138,76,8,1102
22372:4051,51339,564,17,64892,698,2139,866,13807,13944
22430:650,17,289,654,302,616,8,13927,322,34769
22459:9885,3642,23266,302,18604,23010,10856,75710,58,654
22579:81,48076,3423,88170,140,6202,1888,22597,3137,19314
22581:564,302,108599,17,15787,654,353,14894,354,121749
22639:8525,654,61692,29,17,591,289,87900,84,650
22703:48210,17,2069,698,76,30581,8197,95778,98252,17578
22835:361,17,302,654,596,84,1969,58,239,354
22850:7552,17,1127,2058,61239,2220,6397,1359,69294,18139
22863:56415,80636,3290,7440,57917,2852,35168,35426,39438,40495
22888:2369,29,58,17,84,616,354,6,8,650
23114:55285,20396,3423,81,140,17317,66439,42780,75832,17713
23335:14606,30490,13481,51099,533,109868,87044,20442,57437,37819
23367:83508,93316,49911,5274,20820,101560,62703,20836,89210,8988
23433:48,29,654,1102,354,58,138,736,70,8
23569:17,10039,254,2265,546,698,302,500,3568,40
23919:17,77357,866,2950,15405,14669,27632,947,112280,13108
23959:58,17,616,84,518,8,302,354,6,322
24018:84,654,29,2162,70,138,1119,301,1102,736
24061:3583,35,17876,5069,76508,5303,22056,42227,25211,35628
24262:33009,44376,5398,60620,7851,53988,80334,82704,16669,75651
24581:3476,2375,17,96714,122970,111739,226,302,42803,354
24748:89560,17,33957,3392,13523,51857,226,302,95865,354
24909:17,564,698,650,138,81,1462,354,986,17578
24920:13161,12300,302,616,17,654,7621,763,58,2955
25260:6307,55716,36036,83310,40,76,4880,83714,358,6757
25296:361,302,654,84,58,354,1102,76,518,301
25619:65,10707,9686,302,58,654,70729,616,1102,138
25694:29419,3484,4427,885,16995,119932,4425,2717,37307,17855
25924:48015,119969,17310,55046,17,1196,616,20402,61,32
26403:7210,16133,107822,76849,90487,697,17,654,554,15824
26732:302,866,654,15893,76,354,226,84,361,12172
27505:29573,81616,5726,45975,33223,22801,28166,80736,59785,19089
27579:8011,3376,226,508,70,1023,17,1551,21408,176
27739:654,84,29,616,354,289,8,650,76,138
28020:970,48,1187,17,59391,44214,2162,947,1119,84
28523:43182,17,79423,302,654,616,182,58,1196,46391
29056:46925,122936,2028,17,245,21194,302,19008,61096,1744
29898:4007,120899,17,30708,3704,931,6328,7381,93092,5975
30840:17,54875,33326,111505,111868,27002,891,110014,899,1125
30901:33227,17,302,11036,616,58,654,1578,68104,59830
30990:18867,114522,138,1462,17,70,1535,786,117,76
32010:1166,54357,20035,11980,105970,10462,21204,107411,100997,1394
32919:17,104253,52783,302,654,616,58,6,285,15
32955:3387,1245,17,62,302,23587,650,5270,2789,58
33225:441,564,710,58552,1340,10536,17,4513,21369,69992
33884:2754,533,4889,14268,60522,8360,9054,13594,6311,8640
39237:17,616,1804,302,62709,1245,3304,58,654,17393
